200,200,200,200,200,200,200,200,200,200,200,200,200,200,200,200,200,200,200,200,
200,200,200,200,200,200,200,200,200,200,200,-1.09838,-0.752386,0.875037,200,200,200,200,200,200,
200,200,200,200,200,200,200,200,200,200,200,10.0712,-0.756857,0.804818,200,200,200,200,200,200,
200,200,200,200,200,200,200,200,200,200,200,-0.874784,-0.985363,0.358618,200,200,200,200,200,200,
200,200,200,200,200,200,200,200,200,200,200,-1.44247,-1.41694,-0.325862,1.05489,200,200,200,200,200,
200,200,200,200,200,200,200,200,200,200,200,-1.80245,-1.46745,-1.40821,0.881696,200,200,200,200,200,
200,200,200,200,200,200,200,200,200,200,200,-1.89431,0.479243,-1.57195,0.865709,200,200,200,200,200,
200,200,200,200,200,200,200,200,200,200,200,-2.02581,0.319152,-1.72351,0.283226,200,200,200,200,1.7051,
200,200,200,200,200,200,200,200,-2.92293,-1.69755,-0,-2.47563,-2.1644,-1.85399,-1.62911,-1.29632,-0.788334,-0.459095,0,0.576751,
-4.28436,-3.94305,-4.17327,-3.62648,-3.51434,-3.42839,-3.30026,-3.06298,-2.9466,-2.76525,-2.61521,-2.39052,-2.08757,-1.83295,-1.61012,-1.0542,-0.788101,-0.460025,0,0.57617,
-3.16424,200,-3.71225,-3.88249,-2.24376,-3.27911,-3.18623,-3.13668,-2.9072,-2.84278,-2.61874,-2.47608,-2.10254,-1.90298,-1.66848,-1.07214,-0.834247,0,-0.491083,200,
200,-3.90936,-3.70704,-3.57731,-3.54532,-3.40152,-3.20433,-3.16898,-3.03369,200,200,200,200,200,200,200,200,200,200,200,
